42,45 47,42 31,41 50,35 37,25 37,62 51,56 75,39 60,44



label count: 300
[[0.10096154 0.10817308]
 [0.11298077 0.10096154]
 [0.07451923 0.09855769]
 [0.12019231 0.08413462]
 [0.08894231 0.06009615]
 [0.08894231 0.14903846]
 [0.12259615 0.13461538]
 [0.18028846 0.09375   ]
 [0.14423077 0.10576923]]
Accuracy: 85.67%
Boxes:
 [42. 47. 31. 50. 37. 37. 51. 75. 60.]-[45. 42. 41. 35. 25. 62. 56. 39. 44.]
Ratios:
 [0.6, 0.76, 0.91, 0.93, 1.12, 1.36, 1.43, 1.48, 1.92]

9
label count: 300
[[0.09375    0.14663462]
 [0.13942308 0.12740385]
 [0.12980769 0.09134615]
 [0.07932692 0.06009615]
 [0.10336538 0.10817308]
 [0.09855769 0.0625    ]
 [0.07451923 0.09855769]
 [0.11057692 0.09735577]
 [0.17548077 0.09134615]]
Accuracy: 86.06%
Boxes:
 [39. 58. 54. 33. 43. 41. 31. 46. 73.]-[61.  53.  38.  25.  45.  26.  41.  40.5 38. ]
Ratios:
 [0.64, 0.76, 0.96, 1.09, 1.14, 1.32, 1.42, 1.58, 1.92]
7

label count: 300
[[0.17307692 0.08894231]
 [0.08894231 0.06009615]
 [0.11057692 0.08653846]
 [0.09375    0.14423077]
 [0.15865385 0.125     ]
 [0.10096154 0.10576923]
 [0.12019231 0.10336538]]
Accuracy: 84.18%
Boxes:
 [72. 37. 46. 39. 66. 42. 50.]-[37. 25. 36. 60. 52. 44. 43.]
Ratios:
 [0.65, 0.95, 1.16, 1.27, 1.28, 1.48, 1.95]

5
label count: 300
[[0.11298077 0.10096154]
 [0.16346154 0.10817308]
 [0.09615385 0.14423077]
 [0.08894231 0.06009615]
 [0.07451923 0.10336538]]
Accuracy: 82.32%
Boxes:
 [47. 68. 40. 37. 31.]-[42. 45. 60. 25. 43.]
Ratios:
 [0.67, 0.72, 1.12, 1.48, 1.51]


